{
 "cells": [
  {
   "cell_type": "code",
   "execution_count": null,
   "id": "c6f44cbf",
   "metadata": {},
   "outputs": [
    {
     "name": "stdout",
     "output_type": "stream",
     "text": [
      "Original Dataset:\n",
      " [[78 85 80 82]\n",
      " [65 70 68 72]\n",
      " [90 92 88 91]\n",
      " [72 75 70 74]\n",
      " [85 88 84 86]]\n",
      "\n",
      "Mean of each attribute:\n",
      " [78. 82. 78. 81.]\n",
      "\n",
      "Mean Centered Data:\n",
      " [[  0.   3.   2.   1.]\n",
      " [-13. -12. -10.  -9.]\n",
      " [ 12.  10.  10.  10.]\n",
      " [ -6.  -7.  -8.  -7.]\n",
      " [  7.   6.   6.   5.]]\n",
      "\n",
      "Covariance Matrix:\n",
      " [[99.5 90.  85.  78.5]\n",
      " [90.  84.5 79.5 72.5]\n",
      " [85.  79.5 76.  69.5]\n",
      " [78.5 72.5 69.5 64. ]]\n",
      "\n",
      "Eigenvalues:\n",
      " [3.20458599e+02 2.35286281e+00 7.28078921e-02 1.11572997e+00]\n",
      "\n",
      "Eigenvectors:\n",
      " [[ 0.55281648  0.8150415  -0.17147263  0.02642786]\n",
      " [ 0.5110015  -0.26081446  0.28965745 -0.76612783]\n",
      " [ 0.48493995 -0.48221894 -0.69394668  0.22524685]\n",
      " [ 0.44508949 -0.18747818  0.63650114  0.60134314]]\n",
      "\n",
      "Sorted Eigenvalues:\n",
      " [3.20458599e+02 2.35286281e+00 1.11572997e+00 7.28078921e-02]\n",
      "\n",
      "Sorted Eigenvectors:\n",
      " [[ 0.55281648  0.8150415   0.02642786 -0.17147263]\n",
      " [ 0.5110015  -0.26081446 -0.76612783  0.28965745]\n",
      " [ 0.48493995 -0.48221894  0.22524685 -0.69394668]\n",
      " [ 0.44508949 -0.18747818  0.60134314  0.63650114]]\n",
      "\n",
      "First Principal Component (PC1 Eigenvector):\n",
      " [0.55281648 0.5110015  0.48493995 0.44508949]\n",
      "\n",
      "PC1 Scores for each student:\n",
      " [  2.94797387 -22.17383712  21.04410714 -13.88905539  12.07081149]\n"
     ]
    }
   ],
   "source": [
    "import numpy as np\n",
    "X = np.array([\n",
    "    [78, 85, 80, 82],\n",
    "    [65, 70, 68, 72],\n",
    "    [90, 92, 88, 91],\n",
    "    [72, 75, 70, 74],\n",
    "    [85, 88, 84, 86]\n",
    "])\n",
    "print(\"Original Dataset:\\n\", X)\n",
    "mean = np.mean(X, axis=0)\n",
    "X_centered = X - mean\n",
    "print(\"\\nMean of each attribute:\\n\", mean)\n",
    "print(\"\\nMean Centered Data:\\n\", X_centered)\n",
    "cov_matrix = np.cov(X_centered.T)\n",
    "print(\"\\nCovariance Matrix:\\n\", cov_matrix)\n",
    "eigenvalues, eigenvectors = np.linalg.eig(cov_matrix)\n",
    "print(\"\\nEigenvalues:\\n\", eigenvalues)\n",
    "print(\"\\nEigenvectors:\\n\", eigenvectors)\n",
    "idx = np.argsort(eigenvalues)[::-1]\n",
    "eigenvalues = eigenvalues[idx]\n",
    "eigenvectors = eigenvectors[:, idx]\n",
    "print(\"\\nSorted Eigenvalues:\\n\", eigenvalues)\n",
    "print(\"\\nSorted Eigenvectors:\\n\", eigenvectors)\n",
    "pc1 = eigenvectors[:, 0]\n",
    "print(\"\\nFirst Principal Component (PC1 Eigenvector):\\n\", pc1)\n",
    "pc1_scores = np.dot(X_centered, pc1)\n",
    "print(\"\\nPC1 Scores for each student:\\n\", pc1_scores)\n"
   ]
  }
 ],
 "metadata": {
  "kernelspec": {
   "display_name": "Python 3",
   "language": "python",
   "name": "python3"
  },
  "language_info": {
   "codemirror_mode": {
    "name": "ipython",
    "version": 3
   },
   "file_extension": ".py",
   "mimetype": "text/x-python",
   "name": "python",
   "nbconvert_exporter": "python",
   "pygments_lexer": "ipython3",
   "version": "3.12.0"
  }
 },
 "nbformat": 4,
 "nbformat_minor": 5
}
